0 0 0 0.453833
60 400 300 0.482553
70 395 290 0.477835
80 397 287 0.473476
90 399 284 0.468917
100 402 281 0.464313
110 404 278 0.459632
120 406 275 0.45502
130 408 273 0.450545
140 410 270 0.446258
150 412 267 0.442236
160 415 264 0.43857
170 417 261 0.435217
180 419 258 0.432255
190 421 255 0.42971
200 423 252 0.427604
210 425 249 0.425952
220 428 246 0.424797
230 430 243 0.424079
240 432 240 0.423833
250 434 238 0.424037
260 436 235 0.424685
270 438 232 0.425783
280 440 229 0.427312
290 443 226 0.429283
300 445 223 0.431594
310 447 220 0.43424
320 449 217 0.437171
330 451 214 0.440327
340 453 211 0.443638
350 456 208 0.447075
360 458 205 0.450446
370 460 203 0.4537
380 462 200 0.456729
390 464 197 0.459465
400 466 194 0.461843
410 468 191 0.463839
420 471 188 0.465557
430 473 185 0.46694
440 475 182 0.468228
450 477 179 0.469645
460 479 176 0.471456
470 481 173 0.473938
480 484 170 0.477415
490 486 168 0.482044
500 488 165 0.488041
510 490 162 0.495652
520 492 159 0.505078
510 494 156 0.514391
500 497 153 0.52432
490 499 150 0.534712
480 501 147 0.545563
470 503 144 0.556805
460 505 141 0.568357
450 507 138 0.580131
440 509 135 0.59204
430 512 133 0.604106
420 514 130 0.615993
410 516 127 0.627773
400 518 124 0.639382
390 520 121 0.650765
380 522 118 0.661874
370 525 115 0.672735
360 527 112 0.683186
350 529 109 0.693266
340 531 106 0.702955
330 533 103 0.712241
320 535 100 0.721114
310 538 98 0.729622
300 540 95 0.737622
290 542 92 0.745211
280 544 89 0.752394
270 546 86 0.759179
260 548 83 0.765574
250 550 80 0.771588
240 553 77 0.777269
230 555 74 0.782557
220 557 71 0.787497
210 559 68 0.792101
200 561 65 0.796379
190 563 63 0.800333
180 566 60 0.803985
170 568 57 0.807312
160 570 54 0.810352
150 572 51 0.813111
140 574 48 0.815597
130 576 45 0.817816
120 579 42 0.819799
110 581 39 0.821495
100 583 36 0.822935
90 585 33 0.824121
80 587 30 0.825051
70 589 28 0.82572
60 591 25 0.826105
50 594 22 0.826256
40 596 19 0.826111
40 598 16 0.826876
40 600 13 0.827736
40 602 10 0.828692
40 604 7 0.82974
40 607 4 0.830908
40 609 1 0.832137
40 611 -2 0.833453
40 613 1 0.834819
40 615 4 0.836076
40 617 7 0.837226
40 619 10 0.838273
40 622 13 0.839241
40 624 16 0.840086
40 626 19 0.840833
40 628 22 0.841483
40 630 25 0.842039
40 632 28 0.842501
40 635 30 0.842902
40 637 33 0.84321
40 639 36 0.843426
40 641 39 0.843553
40 643 42 0.843589
40 645 45 0.843536
40 648 48 0.843411
40 650 51 0.843178
40 652 54 0.842855
40 654 57 0.842441
40 656 60 0.841936
40 658 63 0.841339
40 660 65 0.840661
40 663 68 0.839926
40 665 71 0.839078
40 667 74 0.838133
40 669 77 0.837091
40 671 80 0.83595
40 673 83 0.834707
40 676 86 0.833378
40 678 89 0.831925
40 680 92 0.830364
40 682 95 0.82869
40 684 98 0.826903
40 686 100 0.825009
40 689 103 0.823035
40 691 106 0.820917
40 693 109 0.818671
40 695 112 0.816292
40 697 115 0.813776
40 699 118 0.811118
40 701 121 0.808311
40 704 124 0.805373
40 706 127 0.802253
40 708 130 0.798967
40 710 133 0.795507
40 712 135 0.791874
40 714 138 0.788086
40 717 141 0.784125
40 719 144 0.779936
40 721 147 0.775533
40 723 150 0.770907
40 725 153 0.766046
40 727 156 0.760941
40 730 159 0.755604
40 732 162 0.749975
40 734 165 0.744068
40 736 168 0.737871
40 738 170 0.731369
40 740 173 0.724618
40 742 176 0.717555
40 745 179 0.710193
40 747 182 0.702487
40 749 185 0.694462
40 751 188 0.686127
40 753 191 0.677495
40 755 194 0.668587
40 758 197 0.659441
40 760 200 0.650074
40 762 203 0.640548
40 764 205 0.630905
40 766 208 0.621311
40 768 211 0.61176
40 770 214 0.602333
40 773 217 0.593117
40 775 220 0.584197
40 777 223 0.575669
40 779 226 0.567621
40 781 229 0.56014
40 783 232 0.553307
40 786 235 0.547223
40 783 238 0.541783
40 781 240 0.537176
40 779 243 0.533466
40 777 246 0.530648
40 775 249 0.528743
40 773 252 0.527753
40 770 255 0.527578
40 768 258 0.528308
40 766 261 0.529781
40 764 264 0.531857
40 762 267 0.534352
40 760 270 0.537039
40 758 273 0.539659
40 755 275 0.541791
40 753 278 0.543438
40 751 281 0.544222
40 749 284 0.543936
40 747 287 0.542421
40 745 290 0.539578
40 742 293 0.535292
40 740 296 0.529733
40 738 299 0.522871
40 736 302 0.514791
40 734 305 0.505602
40 732 308 0.495425
60 730 311 0.485412
70 727 313 0.475274
80 725 316 0.465151
90 723 319 0.455081
100 721 322 0.445133
110 719 325 0.435364
120 717 328 0.425823
130 714 331 0.416537
140 712 334 0.407558
150 710 337 0.398896
160 708 340 0.390567
170 706 343 0.382584
180 704 346 0.374955
190 701 348 0.36773
200 699 351 0.360869
210 697 354 0.354369
220 695 357 0.348228
230 693 360 0.342442
240 691 363 0.33701
250 689 366 0.331925
260 686 369 0.327186
270 684 372 0.322785
280 682 375 0.318716
290 680 378 0.314976
300 678 381 0.31156
310 676 383 0.308506
320 673 386 0.305768
330 671 389 0.303336
340 669 392 0.301211
350 667 395 0.299388
360 665 398 0.297865
370 663 401 0.29664
380 660 404 0.295714
390 658 407 0.295079
400 656 410 0.294738
410 654 413 0.29469
420 652 416 0.294936
430 650 418 0.295522
440 648 421 0.296401
450 645 424 0.297583
460 643 427 0.299061
470 641 430 0.300843
480 639 433 0.302931
490 637 436 0.305329
500 635 439 0.308039
510 632 442 0.311071
520 630 445 0.314415
530 628 448 0.318077
540 626 451 0.322055
550 624 453 0.326391
560 622 456 0.331026
560 619 459 0.335341
560 617 462 0.339506
560 615 465 0.343519
560 613 468 0.347377
560 611 471 0.351078
560 609 474 0.35462
560 607 477 0.358004
560 604 480 0.361218
560 602 483 0.364287
560 600 486 0.367207
560 598 488 0.370013
560 596 491 0.372685
560 594 494 0.375223
560 591 497 0.377607
560 589 500 0.379892
560 587 503 0.382059
560 585 506 0.384115
560 583 509 0.386061
560 581 512 0.387902
560 579 515 0.389638
560 576 518 0.391236
560 574 521 0.392764
560 572 523 0.394211
560 570 526 0.39557
560 568 529 0.396823
560 566 532 0.397968
560 563 535 0.398964
560 561 538 0.399882
560 559 541 0.400683
560 557 544 0.401364
560 555 547 0.401921
560 553 550 0.402353
560 550 553 0.40262
560 548 556 0.402794
560 546 558 0.402858
560 544 561 0.402813
560 542 564 0.402636
560 540 567 0.402327
560 538 570 0.401886
560 535 573 0.401279
560 533 576 0.400579
560 531 579 0.399753
560 529 582 0.398803
560 527 585 0.397733
560 525 588 0.396547
560 522 585 0.395341
560 520 582 0.39431
560 518 579 0.393413
560 516 576 0.392645
560 514 573 0.392003
560 512 570 0.391484
560 509 567 0.391051
560 507 564 0.390772
560 505 561 0.390611
560 503 558 0.390567
560 501 556 0.390617
560 499 553 0.390766
560 497 550 0.391032
560 494 547 0.391381
560 492 544 0.391882
560 490 541 0.392504
560 488 538 0.393248
560 486 535 0.394119
560 484 532 0.395121
560 481 529 0.396226
560 479 526 0.397504
560 477 523 0.398929
560 475 521 0.400487
560 473 518 0.402187
560 471 515 0.404056
560 468 512 0.406081
560 466 509 0.408321
560 464 506 0.410762
560 462 503 0.413417
560 460 500 0.416296
560 458 497 0.419412
560 456 494 0.422778
560 453 491 0.426393
560 451 488 0.430296
560 449 486 0.434467
560 447 483 0.438895
560 445 480 0.443627
560 443 477 0.448672
560 440 474 0.454034
560 438 471 0.459728
560 436 468 0.465753
560 434 465 0.472113
560 432 462 0.478808
560 430 459 0.485837
560 428 456 0.493196
560 425 453 0.500875
540 423 451 0.499515
550 421 448 0.510682
540 419 445 0.513439
530 417 442 0.515543
520 415 439 0.517006
510 412 436 0.517833
500 410 433 0.518048
490 408 430 0.517661
480 406 427 0.516687
470 404 424 0.515143
460 402 421 0.513048
450 399 418 0.510411
440 397 416 0.507335
430 395 413 0.503671
420 393 410 0.499567
430 391 407 0.504957
420 389 404 0.501185
410 387 401 0.496993
420 384 398 0.502264
410 382 395 0.498394
420 380 392 0.504079
410 378 389 0.500521
400 376 386 0.496545
410 374 383 0.502136
400 371 381 0.498512
410 369 378 0.504439
400 367 375 0.501006
390 365 372 0.497157
400 363 369 0.502999
390 361 366 0.499439
400 358 363 0.505653
390 356 360 0.502375
380 354 357 0.498678
390 352 354 0.504838
380 350 351 0.501419
370 348 348 0.497594
380 346 346 0.503757
370 343 343 0.500127
360 341 340 0.496132
370 339 337 0.502078
360 337 334 0.498349
370 335 331 0.504665
360 333 328 0.501195
350 330 325 0.497308
360 328 322 0.503552
350 326 319 0.499944
360 324 316 0.506558
350 322 313 0.503199
340 320 311 0.499541
350 318 308 0.506045
340 315 305 0.502457
330 313 302 0.498515
340 311 299 0.504954
330 309 296 0.501252
320 307 293 0.497183
330 305 290 0.503551
320 302 287 0.499686
330 300 284 0.506406
320 298 281 0.502801
310 296 278 0.498823
320 294 275 0.505485
310 292 273 0.501846
300 289 270 0.497656
310 287 267 0.504209
300 285 264 0.500273
290 283 261 0.495995
300 281 258 0.502478
290 279 255 0.498416
300 277 252 0.505235
290 274 249 0.501349
280 272 246 0.497152
290 270 243 0.503913
280 268 240 0.499922
290 266 238 0.50715
280 264 235 0.503321
270 261 232 0.499102
280 259 229 0.506111
270 257 226 0.502132
260 255 223 0.497814
270 253 220 0.50477
260 251 217 0.500651
250 248 214 0.496166
260 246 211 0.503063
250 244 208 0.498811
260 242 205 0.506034
250 240 203 0.502115
240 238 200 0.497683
250 236 197 0.504818
240 233 194 0.500531
230 231 191 0.495973
240 229 188 0.503052
230 227 185 0.498677
240 225 182 0.506078
230 223 179 0.501885
220 220 176 0.497327
230 218 173 0.504685
220 216 170 0.500349
210 214 168 0.495866
220 212 165 0.503137
210 210 162 0.498632
220 207 159 0.506172
210 205 156 0.501842
200 203 153 0.497202
210 201 150 0.504751
200 199 147 0.500282
190 197 144 0.495518
200 195 141 0.503021
190 192 138 0.498374
200 190 135 0.506194
190 188 133 0.501935
180 186 130 0.497165
190 184 127 0.504916
180 182 124 0.500312
170 179 121 0.49537
180 177 118 0.503079
170 175 115 0.498351
180 173 112 0.506375
170 171 109 0.501811
160 169 106 0.496953
170 167 103 0.50495
160 164 100 0.500199
150 162 98 0.495404
160 160 95 0.50333
150 158 92 0.498476
160 156 89 0.506717
150 154 86 0.502024
140 151 83 0.496988
150 149 80 0.505207
140 147 77 0.500386
130 145 74 0.495295
140 143 71 0.503483
130 141 68 0.498548
140 138 65 0.506997
130 136 63 0.502414
120 134 60 0.497322
130 132 57 0.505779
120 130 54 0.500845
110 128 51 0.495647
120 126 48 0.504079
110 123 45 0.498978
120 121 42 0.507731
110 119 39 0.502852
100 117 36 0.497697
110 115 33 0.506444
100 113 30 0.50145
90 110 28 0.496331
100 108 25 0.505027
90 106 22 0.499894
100 104 19 0.508917
90 102 16 0.50395
80 100 13 0.49871
90 97 10 0.507672
80 95 7 0.502598
70 93 4 0.497264
80 91 1 0.506282
70 89 -2 0.501113
60 87 1 0.496909
70 85 4 0.506942
60 82 7 0.502395
50 80 10 0.497445
60 78 13 0.506815
50 76 16 0.501594
40 74 19 0.495937
60 72 22 0.512104
50 69 25 0.506438
40 67 28 0.500385
40 65 30 0.501109
40 63 33 0.501966
40 61 36 0.502715
40 59 39 0.503355
40 56 42 0.503821
40 54 45 0.50424
40 52 48 0.504548
40 50 51 0.504745
40 48 54 0.504829
40 46 57 0.504802
40 44 60 0.504663
40 41 63 0.504348
40 39 65 0.503779
40 37 68 0.50334
40 35 71 0.502789
40 33 74 0.502127
40 31 77 0.501353
40 28 80 0.500405
40 26 83 0.499409
60 24 86 0.513106
50 22 89 0.505163
40 20 92 0.496852
60 18 95 0.510086
50 16 98 0.501866
40 13 100 0.49305
60 11 103 0.505814
50 9 106 0.497383
60 7 109 0.503002
50 9 112 0.494673
60 11 115 0.500275
50 13 118 0.491793
60 16 121 0.497178
70 18 124 0.50279
60 20 127 0.494318
70 22 130 0.499646
80 24 133 0.505253
70 26 135 0.496614
80 28 138 0.501974
70 31 141 0.493484
80 33 144 0.498552
90 35 147 0.503896
80 37 150 0.495366
90 39 153 0.500415
80 41 156 0.491751
90 44 159 0.496565
100 46 162 0.501584
90 48 165 0.492954
100 50 168 0.497668
110 52 170 0.502475
100 54 173 0.493928
110 56 176 0.498641
120 59 179 0.503687
110 61 182 0.495181
120 63 185 0.499851
130 65 188 0.504779
120 67 191 0.496318
130 69 194 0.500937
120 72 197 0.492411
130 74 200 0.496711
140 76 203 0.50127
130 78 205 0.492574
140 80 208 0.496852
150 82 211 0.501389
140 85 214 0.493011
150 87 217 0.497225
160 89 220 0.501698
150 91 223 0.493305
160 93 226 0.497451
170 95 229 0.501854
160 97 232 0.493517
170 100 235 0.497659
180 102 238 0.501992
170 104 240 0.493577
180 106 243 0.49762
190 108 246 0.501924
180 110 249 0.493746
190 113 252 0.497782
200 115 255 0.502012
190 117 258 0.493891
200 119 261 0.497783
210 121 264 0.501938
200 123 267 0.493877
210 126 270 0.497756
220 128 273 0.501835
210 130 275 0.493719
220 132 278 0.497499
230 134 281 0.501548
220 136 284 0.493652
230 138 287 0.497354
240 141 290 0.501392
230 143 293 0.493555
240 145 296 0.497177
250 147 299 0.501075
240 149 302 0.493298
250 151 305 0.49684
260 154 308 0.500727
250 156 311 0.49301
260 158 313 0.49638
270 160 316 0.500177
260 162 319 0.49257
270 164 322 0.496003
280 167 325 0.499789
290 169 328 0.503811
280 171 331 0.496521
290 173 334 0.500181
280 175 337 0.492678
290 177 340 0.495966
300 179 343 0.499555
310 182 346 0.503514
300 184 348 0.496273
310 186 351 0.499852
320 188 354 0.503748
310 190 357 0.496683
320 192 360 0.500204
310 195 363 0.492965
320 197 366 0.496101
330 199 369 0.499556
340 201 372 0.50334
330 203 375 0.496395
340 205 378 0.499795
350 207 381 0.503531
340 210 383 0.496647
350 212 386 0.50005
340 214 389 0.492959
350 216 392 0.495964
360 218 395 0.499308
370 220 398 0.503004
360 223 401 0.496345
370 225 404 0.499643
380 227 407 0.5033
370 229 410 0.496639
380 231 413 0.499892
390 233 416 0.503512
380 236 418 0.496928
390 238 421 0.5002
380 240 424 0.493364
390 242 427 0.496218
400 244 430 0.499442
410 246 433 0.503051
400 248 436 0.496627
410 251 439 0.49987
420 253 442 0.503455
410 255 445 0.497083
420 257 448 0.500243
410 259 451 0.493557
420 261 453 0.496267
430 264 456 0.499503
440 266 459 0.503102
430 268 462 0.496918
440 270 465 0.500083
430 272 468 0.493564
440 274 471 0.496282
450 277 474 0.499465
460 279 477 0.503032
450 281 480 0.496971
460 283 483 0.500091
450 285 486 0.493677
460 287 488 0.49634
470 289 491 0.499505
480 292 494 0.503174
470 294 497 0.497307
480 296 500 0.500469
470 298 503 0.494227
480 300 506 0.496918
490 302 509 0.500067
480 305 512 0.493934
490 307 515 0.496603
500 309 518 0.499742
510 311 521 0.503371
500 313 523 0.49772
510 315 526 0.500945
500 318 529 0.494987
510 320 532 0.49772
520 322 535 0.500947
510 324 538 0.495005
520 326 541 0.497733
530 328 544 0.500966
520 330 547 0.495087
530 333 550 0.497858
540 335 553 0.501102
530 337 556 0.495285
540 339 558 0.49805
550 341 561 0.501391
540 343 564 0.495716
550 346 567 0.498581
560 348 570 0.501947
540 350 573 0.49163
550 352 576 0.493659
560 354 579 0.496216
560 356 582 0.494615
560 358 585 0.492767
560 361 588 0.490715
560 363 585 0.48867
560 365 582 0.486885
560 367 579 0.485355
560 369 576 0.484075
560 371 573 0.48304
560 374 570 0.482289
560 376 567 0.481736
560 378 564 0.48142
560 380 561 0.481337
560 382 558 0.481488
560 384 556 0.481822
560 387 553 0.482399
560 389 550 0.483166
560 391 547 0.484164
560 393 544 0.485394
560 395 541 0.486855
560 397 538 0.488549
560 399 535 0.490478
560 402 532 0.492685
560 404 529 0.495087
560 406 526 0.497728
560 408 523 0.50061
540 410 521 0.494293
550 412 518 0.500624
540 415 515 0.498625
550 417 512 0.505473
540 419 509 0.503842
530 421 506 0.501634
520 423 503 0.498877
530 425 500 0.505074
520 428 497 0.502772
510 430 494 0.499885
520 432 491 0.505998
510 434 488 0.503514
500 436 486 0.500483
490 438 483 0.496908
500 440 480 0.502302
490 443 477 0.499179
500 445 474 0.50502
490 447 471 0.502239
480 449 468 0.498963
490 451 465 0.50471
480 453 462 0.50182
470 456 459 0.498504
480 458 456 0.504155
470 460 453 0.501165
460 462 451 0.497701
470 464 448 0.503186
460 466 445 0.500041
450 468 442 0.496445
460 471 439 0.501884
450 473 436 0.49866
460 475 433 0.504459
450 477 430 0.501597
440 479 427 0.498284
450 481 424 0.503988
440 484 421 0.501092
430 486 418 0.4977
440 488 416 0.503308
430 490 413 0.500206
420 492 410 0.496682
430 494 407 0.502124
420 497 404 0.499012
430 499 401 0.504852
420 501 398 0.502018
410 503 395 0.498759
420 505 392 0.504506
410 507 389 0.501584
400 509 386 0.498249
410 512 383 0.503969
400 514 381 0.500982
390 516 378 0.497524
400 518 375 0.503018
390 520 372 0.499889
400 522 369 0.505763
390 525 366 0.503028
380 527 363 0.499822
390 529 360 0.505606
380 531 357 0.502718
370 533 354 0.499441
380 535 351 0.505133
370 538 348 0.502247
360 540 346 0.498932
370 542 343 0.504474
360 544 340 0.501391
350 546 337 0.497942
360 548 334 0.503387
350 550 331 0.500245
340 553 328 0.496833
350 555 325 0.502178
340 557 322 0.498987
350 559 319 0.504681
340 561 316 0.501789
330 563 313 0.498538
340 566 311 0.504261
330 568 308 0.501256
320 570 305 0.497904
330 572 302 0.503361
320 574 299 0.500302
310 576 296 0.496907
320 579 293 0.502359
310 581 290 0.499254
320 583 287 0.50495
310 585 284 0.50213
300 587 281 0.49897
310 589 278 0.50458
300 591 275 0.501701
290 594 273 0.498633
300 596 270 0.504104
290 598 267 0.501127
280 600 264 0.497829
290 602 261 0.503209
280 604 258 0.500188
270 607 255 0.496957
280 609 252 0.502244
270 611 249 0.499187
280 613 246 0.504792
270 615 243 0.502005
260 617 240 0.498902
270 619 238 0.504473
260 622 235 0.501699
250 624 232 0.49851
260 626 229 0.503898
250 628 226 0.500977
240 630 223 0.497755
250 632 220 0.503056
240 635 217 0.500212
230 637 214 0.496963
240 639 211 0.502175
230 641 208 0.499189
240 643 205 0.504705
230 645 203 0.502036
220 648 200 0.499085
230 650 197 0.504474
220 652 194 0.501668
210 654 191 0.49857
220 656 188 0.503876
210 658 185 0.501037
200 660 182 0.497912
210 663 179 0.503259
200 665 176 0.500394
190 667 173 0.497248
200 669 170 0.502388
190 671 168 0.499559
200 673 165 0.504944
190 676 162 0.502394
180 678 159 0.499433
190 680 156 0.504741
180 682 153 0.502036
170 684 150 0.499049
180 686 147 0.504281
170 689 144 0.501682
160 691 141 0.498676
170 693 138 0.50383
160 695 135 0.501079
150 697 133 0.498119
160 699 130 0.503151
150 701 127 0.500338
140 704 124 0.497396
150 706 121 0.502349
140 708 118 0.499524
150 710 115 0.504753
140 712 112 0.50218
130 714 109 0.499336
140 717 106 0.504634
130 719 103 0.502045
120 721 100 0.499187
130 723 98 0.504335
120 725 95 0.501687
110 727 92 0.498773
120 730 89 0.503886
110 732 86 0.501228
100 734 83 0.498305
110 736 80 0.503197
100 738 77 0.50053
90 740 74 0.4976
100 742 71 0.502418
90 745 68 0.499896
100 747 65 0.504981
90 749 63 0.50263
80 751 60 0.499903
90 753 57 0.504876
80 755 54 0.502406
70 758 51 0.499827
80 760 48 0.504731
70 762 45 0.502256
60 764 42 0.499514
70 766 39 0.504349
60 768 36 0.501869
50 770 33 0.499121
60 773 30 0.504048
50 775 28 0.501629
40 777 25 0.498833
60 779 22 0.507393
50 781 19 0.505263
40 783 16 0.502863
40 786 13 0.504201
40 783 10 0.504687
40 781 7 0.505456
40 779 4 0.506343
40 777 1 0.507348
40 775 -2 0.508469
40 773 1 0.510095
40 770 4 0.511415
40 768 7 0.512769
40 766 10 0.51399
40 764 13 0.515082
40 762 16 0.516044
40 760 19 0.51688
40 758 22 0.517591
40 755 25 0.518007
40 753 28 0.518469
40 751 30 0.518743
40 749 33 0.519002
40 747 36 0.519139
40 745 39 0.519156
40 742 42 0.518883
40 740 45 0.518661
40 738 48 0.51832
40 736 51 0.51786
40 734 54 0.517282
40 732 57 0.516586
40 730 60 0.515773
40 727 63 0.514672
40 725 65 0.513557
40 723 68 0.512431
40 721 71 0.511187
40 719 74 0.509826
40 717 77 0.508346
40 714 80 0.50658
40 712 83 0.504865
40 710 86 0.50303
40 708 89 0.501075
40 706 92 0.498998
60 704 95 0.504557
50 701 98 0.498979
60 699 100 0.500765
50 697 103 0.495165
60 695 106 0.496798
70 693 109 0.498754
80 691 112 0.501033
70 689 115 0.495669
80 686 118 0.497535
90 684 121 0.499884
100 682 124 0.502559
90 680 127 0.497432
100 678 130 0.499851
110 676 133 0.502598
100 673 135 0.49726
110 671 138 0.499792
120 669 141 0.502654
110 667 144 0.497576
120 665 147 0.500178
110 663 150 0.494875
120 660 153 0.497066
130 658 156 0.499737
140 656 159 0.502742
130 654 162 0.497668
140 652 165 0.50041
130 650 168 0.495108
140 648 170 0.497519
150 645 173 0.500228
140 643 176 0.494971
150 641 179 0.497551
160 639 182 0.500469
150 637 185 0.495213
160 635 188 0.497857
170 632 191 0.500706
160 630 194 0.49545
170 628 197 0.49816
180 626 200 0.501214
170 624 203 0.495956
180 622 205 0.498674
190 619 208 0.50171
180 617 211 0.496493
190 615 214 0.499381
200 613 217 0.502618
190 611 220 0.497399
200 609 223 0.500353
190 607 226 0.494895
200 604 229 0.497433
210 602 232 0.500448
200 600 235 0.494992
210 598 238 0.497713
220 596 240 0.500738
210 594 243 0.495327
220 591 246 0.498031
230 589 249 0.501216
220 587 252 0.495805
230 585 255 0.49869
240 583 258 0.501938
230 581 261 0.496525
240 579 264 0.499471
250 576 267 0.502668
240 574 270 0.497254
250 572 273 0.500262
240 570 275 0.494552
250 568 278 0.497294
260 566 281 0.500402
250 563 284 0.494676
260 561 287 0.497469
270 559 290 0.500633
260 557 293 0.495022
270 555 296 0.497865
280 553 299 0.501083
270 550 302 0.495369
280 548 305 0.498264
290 546 308 0.50154
280 544 311 0.495935
290 542 313 0.498848
300 540 316 0.502233
290 538 319 0.496681
300 535 322 0.499635
310 533 325 0.503082
300 531 328 0.497532
310 529 331 0.500643
300 527 334 0.494817
310 525 337 0.497582
320 522 340 0.500643
310 520 343 0.494826
320 518 346 0.497633
330 516 348 0.500813
320 514 351 0.49506
330 512 354 0.497964
340 509 357 0.501181
330 507 360 0.495438
340 505 363 0.498388
350 503 366 0.501748
340 501 369 0.496015
350 499 372 0.499011
360 497 375 0.502422
350 494 378 0.496615
360 492 381 0.49966
370 490 383 0.503115
360 488 386 0.497462
370 486 389 0.500615
360 484 392 0.494653
370 481 395 0.497341
380 479 398 0.500534
370 477 401 0.494592
380 475 404 0.497396
390 473 407 0.500628
380 471 410 0.494707
390 468 413 0.497468
400 466 416 0.500743
390 464 418 0.494843
400 462 421 0.49778
410 460 424 0.501161
400 458 427 0.495344
410 456 430 0.498322
420 453 433 0.501678
410 451 436 0.495885
420 449 439 0.498905
430 447 442 0.502383
420 445 445 0.496615
430 443 448 0.499678
440 440 451 0.503138
430 438 453 0.497408
440 436 456 0.500584
430 434 459 0.494551
440 432 462 0.497295
450 430 465 0.500504
440 428 468 0.494507
450 425 471 0.497213
460 423 474 0.500459
450 421 477 0.494499
460 419 480 0.497301
470 417 483 0.500584
460 415 486 0.494663
470 412 488 0.497459
480 410 491 0.500855
470 408 494 0.495042
480 406 497 0.497984
490 404 500 0.501424
480 402 503 0.495653
490 399 506 0.498573
500 397 509 0.502063
490 395 512 0.496333
500 393 515 0.499355
510 391 518 0.502895
500 389 521 0.49721
510 387 523 0.500314
500 384 526 0.494234
510 382 529 0.49689
520 380 532 0.500063
510 378 535 0.494097
520 376 538 0.496778
530 374 541 0.499987
540 371 544 0.503688
530 369 547 0.49826
540 367 550 0.501525
530 365 553 0.495651
540 363 556 0.498409
550 361 558 0.501766
540 358 561 0.495978
550 356 564 0.498854
560 354 567 0.502287
540 352 570 0.491841
550 350 573 0.493939
560 348 576 0.496578
560 346 579 0.49499
560 343 582 0.493104
560 341 585 0.491029
560 339 588 0.488713
560 337 585 0.486536
560 335 582 0.484621
560 333 579 0.482961
560 330 576 0.481503
560 328 573 0.480341
560 326 570 0.479421
560 324 567 0.478739
560 322 564 0.47829
560 320 561 0.478073
560 318 558 0.478085
560 315 556 0.478213
560 313 553 0.478602
560 311 550 0.479217
560 309 547 0.480056
560 307 544 0.481119
560 305 541 0.482407
560 302 538 0.483871
560 300 535 0.48561
560 298 532 0.487578
560 296 529 0.489776
560 294 526 0.492206
560 292 523 0.49487
560 289 521 0.497666
560 287 518 0.500729
540 285 515 0.494298
550 283 512 0.501061
540 281 509 0.499084
550 279 506 0.506369
540 277 503 0.504791
530 274 500 0.502558
520 272 497 0.499806
530 270 494 0.506482
520 268 491 0.504121
510 266 488 0.501194
500 264 486 0.497701
510 261 483 0.50364
500 259 480 0.500492
490 257 477 0.496826
500 255 474 0.502739
490 253 471 0.49945
500 251 468 0.505812
490 248 465 0.502837
480 246 462 0.499394
490 244 459 0.505688
480 242 456 0.50261
470 240 453 0.49902
480 238 451 0.505227
470 236 448 0.50193
460 233 445 0.498079
470 231 442 0.504164
460 229 439 0.500723
450 227 436 0.496802
460 225 433 0.50281
450 223 430 0.499233
460 220 427 0.5056
450 218 424 0.502362
440 216 421 0.498638
450 214 418 0.504999
440 212 416 0.501605
430 210 413 0.497682
440 207 410 0.503854
430 205 407 0.500258
420 203 404 0.496207
430 201 401 0.502368
420 199 398 0.498636
430 197 395 0.505195
420 195 392 0.501777
410 192 389 0.497839
420 190 386 0.504337
410 188 383 0.500767
400 186 381 0.496764
410 184 378 0.503143
400 182 375 0.499374
410 179 372 0.506078
400 177 369 0.502607
390 175 366 0.498687
400 173 363 0.505401
390 171 360 0.501773
380 169 357 0.497709
390 167 354 0.504368
380 164 351 0.500526
370 162 348 0.496326
380 160 346 0.502952
370 158 343 0.498979
380 156 340 0.505897
370 154 337 0.502202
360 151 334 0.498015
370 149 331 0.504884
360 147 328 0.501034
350 145 325 0.496771
360 143 322 0.503587
350 141 319 0.49959
360 138 316 0.506706
350 136 313 0.502973
340 134 311 0.498861
350 132 308 0.505953
340 130 305 0.502009
330 128 302 0.49766
340 126 299 0.504706
330 123 296 0.500544
320 121 293 0.496059
330 119 290 0.503053
320 117 287 0.498815
330 115 284 0.506161
320 113 281 0.502169
310 110 278 0.497714
320 108 275 0.505021
310 106 273 0.50093
300 104 270 0.496353
310 102 267 0.503569
300 100 264 0.499228
310 97 261 0.506722
300 95 258 0.502617
290 93 255 0.498123
300 91 252 0.505652
290 89 249 0.501389
280 87 246 0.496751
290 85 243 0.504242
280 82 240 0.499762
290 80 238 0.507668
280 78 235 0.503436
270 76 232 0.498823
280 74 229 0.506587
270 72 226 0.502195
260 69 223 0.497369
270 67 220 0.5051
260 65 217 0.500559
250 63 214 0.495665
260 61 211 0.503357
250 59 208 0.498676
260 56 205 0.506632
250 54 203 0.50225
240 52 200 0.497381
250 50 197 0.505335
240 48 194 0.500675
230 46 191 0.495672
240 44 188 0.503591
230 41 185 0.498726
240 39 182 0.506973
230 37 179 0.502382
220 35 176 0.49744
230 33 173 0.505667
220 31 170 0.500927
210 28 168 0.495886
220 26 165 0.504041
210 24 162 0.499125
220 22 159 0.507608
210 20 156 0.502893
200 18 153 0.497835
210 16 150 0.506302
200 13 147 0.501376
190 11 144 0.496191
200 9 141 0.50463
190 11 138 0.499898
200 13 135 0.508942
190 16 133 0.504567
180 18 130 0.499618
190 20 127 0.508637
180 22 124 0.503867
170 24 121 0.498757
180 26 118 0.507777
170 28 115 0.502844
160 31 112 0.497643
170 33 109 0.506659
160 35 106 0.50157
150 37 103 0.496172
160 39 100 0.50517
150 41 98 0.500063
140 44 95 0.494561
150 46 92 0.503493
140 48 89 0.498101
150 50 86 0.507364
140 52 83 0.502141
130 54 80 0.496623
140 56 77 0.505868
130 59 74 0.500573
120 61 71 0.494943
130 63 68 0.504159
120 65 65 0.498693
130 67 63 0.508374
120 69 60 0.503036
110 72 57 0.497472
120 74 54 0.506969
110 76 51 0.501513
100 78 48 0.495794
110 80 45 0.50526
100 82 42 0.499705
110 85 39 0.509566
100 87 36 0.504177
90 89 33 0.498517
100 91 30 0.508308
90 93 28 0.502948
80 95 25 0.497162
90 97 22 0.506887
80 100 19 0.50132
70 102 16 0.495466
80 104 13 0.505148
70 106 10 0.499456
80 108 7 0.509481
70 110 4 0.503956
60 113 1 0.498247
70 115 -2 0.508246
60 117 1 0.50346
50 119 4 0.498211
60 121 7 0.508545
50 123 10 0.503001
40 126 13 0.497092
60 128 16 0.514838
50 130 19 0.508885
40 132 22 0.502495
40 134 25 0.503702
40 136 28 0.504796
40 138 30 0.505642
40 141 33 0.506607
40 143 36 0.5074
40 145 39 0.508078
40 147 42 0.508641
40 149 45 0.509089
40 151 48 0.50942
40 154 51 0.509692
40 156 54 0.509791
40 158 57 0.509773
40 160 60 0.509638
40 162 63 0.509387
40 164 65 0.508885
40 167 68 0.508499
40 169 71 0.50794
40 171 74 0.507266
40 173 77 0.506478
40 175 80 0.505576
40 177 83 0.504562
40 179 86 0.503436
40 182 89 0.502257
40 184 92 0.500911
40 186 95 0.499456
60 188 98 0.513454
50 190 100 0.504489
40 192 103 0.495481
60 195 106 0.508949
50 197 109 0.499962
60 199 112 0.505839
50 201 115 0.496745
60 203 118 0.502286
50 205 121 0.493109
60 207 124 0.498302
70 210 127 0.5039
60 212 130 0.494708
70 214 133 0.4999
80 216 135 0.505323
70 218 138 0.496159
80 220 141 0.501387
70 223 144 0.492208
80 225 147 0.497067
90 227 150 0.502274
80 229 153 0.493041
90 231 156 0.497879
100 233 159 0.503063
90 236 162 0.493881
100 238 165 0.498689
110 240 168 0.50384
100 242 170 0.494513
110 244 173 0.499331
120 246 176 0.504493
110 248 179 0.495316
120 251 182 0.500143
110 253 185 0.49091
120 255 188 0.495297
130 257 191 0.500028
120 259 194 0.490815
130 261 197 0.495148
140 264 200 0.499865
150 266 203 0.504886
140 268 205 0.495689
150 270 208 0.500363
140 272 211 0.491227
150 274 214 0.495494
160 277 217 0.500145
150 279 220 0.491038
160 281 223 0.495239
170 283 226 0.499791
180 285 229 0.504699
170 287 232 0.495712
180 289 235 0.500214
170 292 238 0.49118
180 294 240 0.495186
190 296 243 0.499665
200 298 246 0.504508
190 300 249 0.495628
200 302 252 0.500056
190 305 255 0.491114
200 307 258 0.495105
210 309 261 0.49946
220 311 264 0.504186
210 313 267 0.495373
220 315 270 0.499672
230 318 273 0.504365
220 320 275 0.495531
230 322 278 0.499822
240 324 281 0.504494
230 326 284 0.495785
240 328 287 0.500022
230 330 290 0.491199
240 333 293 0.495002
250 335 296 0.499162
260 337 299 0.503714
250 339 302 0.49509
260 341 305 0.499194
270 343 308 0.503697
260 346 311 0.495119
270 348 313 0.499133
280 350 316 0.503638
270 352 319 0.495137
280 354 322 0.499183
290 356 325 0.503642
280 358 328 0.495174
290 361 331 0.499176
300 363 334 0.503584
290 365 337 0.495157
300 367 340 0.499093
310 369 343 0.503457
300 371 346 0.495066
310 374 348 0.498946
320 376 351 0.503323
310 378 354 0.495035
320 380 357 0.498928
330 382 360 0.503267
320 384 363 0.495017
330 387 366 0.498867
340 389 369 0.503164
330 391 372 0.494959
340 393 375 0.498759
350 395 378 0.50302
340 397 381 0.494858
350 399 383 0.498623
360 402 386 0.502912
350 404 389 0.494862
360 406 392 0.498643
370 408 395 0.502906
360 410 398 0.494897
370 412 401 0.498645
380 415 404 0.502875
370 417 407 0.494915
380 419 410 0.498627
390 421 413 0.50284
380 423 416 0.494925
390 425 418 0.498634
400 428 421 0.50289
390 430 424 0.495092
400 432 427 0.49882
410 434 430 0.503074
400 436 433 0.495319
410 438 436 0.499029
420 440 439 0.503276
410 443 442 0.495558
420 445 445 0.49925
430 447 448 0.503489
420 449 451 0.49583
430 451 453 0.499555
440 453 456 0.503876
430 456 459 0.496322
440 458 462 0.500075
430 460 465 0.49225
440 462 468 0.49542
450 464 471 0.499146
460 466 474 0.50346
450 468 477 0.496051
460 471 480 0.499769
470 473 483 0.5041
460 475 486 0.496739
470 477 488 0.500544
460 479 491 0.492935
470 481 494 0.496157
480 484 497 0.499958
490 486 500 0.504404
480 488 503 0.497252
490 490 506 0.501097
480 492 509 0.493587
490 494 512 0.496812
500 497 515 0.500639
490 499 518 0.49321
500 501 521 0.496423
510 503 523 0.500353
500 505 526 0.493079
510 507 529 0.496385
520 509 532 0.500346
510 512 535 0.493124
520 514 538 0.496437
530 516 541 0.50042
520 518 544 0.493284
530 520 547 0.496616
540 522 550 0.500633
530 525 553 0.493544
540 527 556 0.496895
550 529 558 0.501044
540 531 561 0.49413
550 533 564 0.497614
560 535 567 0.50182
540 538 570 0.489338
550 540 573 0.491811
560 542 576 0.494961
560 544 579 0.49309
560 546 582 0.490947
560 548 585 0.488541
560 550 588 0.48588
560 553 585 0.483544
560 555 582 0.481527
560 557 579 0.479809
560 559 576 0.478382
560 561 573 0.477238
560 563 570 0.47637
560 566 567 0.475771
560 568 564 0.475437
560 570 561 0.475365
560 572 558 0.475552
560 574 556 0.475906
560 576 553 0.476522
560 579 550 0.477398
560 581 547 0.478532
560 583 544 0.479929
560 585 541 0.481592
560 587 538 0.483526
560 589 535 0.485736
560 591 532 0.488227
560 594 529 0.490997
560 596 526 0.494066
560 598 523 0.497433
560 600 521 0.501011
540 602 518 0.493887
550 604 515 0.50151
540 607 512 0.499393
550 609 509 0.507725
540 611 506 0.50604
530 613 503 0.503738
520 615 500 0.500868
510 617 497 0.497486
520 619 494 0.504122
510 622 491 0.501175
500 624 488 0.497737
510 626 486 0.504115
500 628 483 0.501021
490 630 480 0.497463
500 632 477 0.503628
490 635 474 0.500504
480 637 471 0.49693
490 639 468 0.502885
480 641 465 0.499718
490 643 462 0.506217
480 645 459 0.503442
470 648 456 0.500242
460 650 453 0.496626
470 652 451 0.502159
460 654 448 0.498866
470 656 445 0.504872
460 658 442 0.501958
450 660 439 0.498641
460 663 436 0.504488
450 665 433 0.50155
440 667 430 0.49823
450 669 427 0.503843
440 671 424 0.500887
430 673 421 0.49757
440 676 418 0.503025
430 678 416 0.500042
420 680 413 0.496688
430 682 410 0.501815
420 684 407 0.498813
430 686 404 0.504396
420 689 401 0.501782
410 691 398 0.498775
420 693 395 0.504168
410 695 392 0.50149
400 697 389 0.498483
410 699 386 0.503691
400 701 383 0.501006
390 704 381 0.498069
400 706 378 0.503015
390 708 375 0.500288
380 710 372 0.497271
390 712 369 0.502021
380 714 366 0.499317
390 717 363 0.504548
380 719 360 0.502147
370 721 357 0.499446
380 723 354 0.504432
370 725 351 0.502024
360 727 348 0.499329
370 730 346 0.504215
360 732 343 0.501762
350 734 340 0.49904
360 736 337 0.50361
350 738 334 0.501174
340 740 331 0.498482
350 742 328 0.502873
340 745 325 0.500555
330 747 322 0.497906
340 749 319 0.502112
330 751 316 0.499739
340 753 313 0.504305
330 755 311 0.502202
320 758 308 0.499891
330 760 305 0.504242
320 762 302 0.502097
310 764 299 0.49971
320 766 296 0.503902
310 768 293 0.501774
300 770 290 0.499412
310 773 287 0.503551
300 775 284 0.50145
290 777 281 0.499123
300 779 278 0.502997
290 781 275 0.500923
280 783 273 0.498649
290 786 270 0.502434
280 783 267 0.499774
290 781 264 0.503321
280 779 261 0.500987
270 777 258 0.498408
280 775 255 0.501835
270 773 252 0.499465
280 770 249 0.503123
270 768 246 0.500944
260 766 243 0.498521
270 764 240 0.502188
260 762 238 0.499979
270 760 235 0.503955
260 758 232 0.501862
250 755 229 0.499403
260 753 226 0.503289
250 751 223 0.501124
240 749 220 0.498728
250 747 217 0.502513
240 745 214 0.500291
230 742 211 0.497726
240 740 208 0.501408
230 738 205 0.499134
240 736 203 0.503188
230 734 200 0.501034
220 732 197 0.498661
230 730 194 0.502552
220 727 191 0.500212
210 725 188 0.497788
220 723 185 0.501582
210 721 182 0.499312
220 719 179 0.503452
210 717 176 0.501326
200 714 173 0.498863
210 712 170 0.502922
200 710 168 0.500758
190 708 165 0.498328
200 706 162 0.502255
190 704 159 0.499965
200 701 156 0.504117
190 699 153 0.501954
180 697 150 0.499593
190 695 147 0.503796
180 693 144 0.501563
170 691 141 0.499142
180 689 138 0.503262
170 686 135 0.500835
160 684 133 0.4984
170 682 130 0.502393
160 680 127 0.50001
150 678 124 0.497464
160 676 121 0.501355
150 673 118 0.498796
160 671 115 0.503025
150 669 112 0.500715
140 667 109 0.498238
150 665 106 0.502382
140 663 103 0.500018
130 660 100 0.497357
140 658 98 0.501453
130 656 95 0.499009
140 654 92 0.503367
130 652 89 0.501029
120 650 86 0.498531
130 648 83 0.50281
120 645 80 0.500274
110 643 77 0.497728
120 641 74 0.501924
110 639 71 0.499481
120 637 68 0.504024
110 635 65 0.501678
100 632 63 0.499074
110 630 60 0.503518
100 628 57 0.501076
90 626 54 0.49849
100 624 51 0.502856
90 622 48 0.500366
80 619 45 0.49759
90 617 42 0.501873
80 615 39 0.49934
90 613 36 0.503968
80 611 33 0.501524
70 609 30 0.498939
80 607 28 0.503546
70 604 25 0.500867
60 602 22 0.498204
70 600 19 0.502658
60 598 16 0.500086
50 596 13 0.497392
60 594 10 0.50176
50 591 7 0.498997
60 589 4 0.503715
50 587 1 0.501189
40 585 -2 0.498535
60 583 1 0.507497
50 581 4 0.505196
40 579 7 0.502574
40 576 10 0.503278
40 574 13 0.504049
40 572 16 0.504729
40 570 19 0.505316
40 568 22 0.50581
40 566 25 0.506209
40 563 28 0.506357
40 561 30 0.50652
40 559 33 0.506665
40 557 36 0.506714
40 555 39 0.506668
40 553 42 0.506525
40 550 45 0.50613
40 548 48 0.505796
40 546 51 0.505367
40 544 54 0.504843
40 542 57 0.504225
40 540 60 0.503515
40 538 63 0.502712
40 535 65 0.501615
40 533 68 0.500663
40 531 71 0.499623
60 529 74 0.506882
50 527 77 0.501957
40 525 80 0.4969
60 522 83 0.503584
50 520 86 0.498462
60 518 89 0.501342
50 516 92 0.496109
60 514 95 0.498738
70 512 98 0.501757
60 509 100 0.496221
70 507 103 0.499026
80 505 106 0.50223
70 503 109 0.496799
80 501 112 0.499747
90 499 115 0.503099
80 497 118 0.49755
90 494 121 0.50051
80 492 124 0.494843
90 490 127 0.497674
100 488 130 0.500904
90 486 133 0.495134
100 484 135 0.498053
110 481 138 0.501325
100 479 141 0.495475
110 477 144 0.498606
120 475 147 0.502147
110 473 150 0.496186
120 471 153 0.499451
130 468 156 0.503013
120 466 159 0.496935
130 464 162 0.50034
120 462 165 0.494139
130 460 168 0.497252
140 458 170 0.500744
130 456 173 0.494482
140 453 176 0.497634
150 451 179 0.50132
140 449 182 0.494954
150 447 185 0.498342
160 445 188 0.50215
150 443 191 0.495684
160 440 194 0.499085
170 438 197 0.503017
160 436 200 0.496448
170 434 203 0.500075
160 432 205 0.493349
170 430 208 0.4967
180 428 211 0.500467
170 425 214 0.493618
180 423 217 0.49707
190 421 220 0.500942
180 419 223 0.494106
190 417 226 0.497652
200 415 229 0.501622
190 412 232 0.494612
200 410 235 0.498258
210 408 238 0.50233
200 406 240 0.495317
210 404 243 0.499101
220 402 246 0.503316
210 399 249 0.496191
220 397 252 0.500076
210 395 255 0.492873
220 393 258 0.496406
230 391 261 0.500362
220 389 264 0.493099
230 387 267 0.496699
240 384 270 0.500654
230 382 273 0.493329
240 380 275 0.497003
250 378 278 0.501152
240 376 281 0.493815
250 374 284 0.497601
260 371 287 0.501758
250 369 290 0.494362
260 367 293 0.498218
270 365 296 0.502512
260 363 299 0.495063
270 361 302 0.498983
280 358 305 0.503287
270 356 308 0.495786
280 354 311 0.499772
290 352 313 0.504222
280 350 316 0.496727
290 348 319 0.500828
280 346 322 0.493128
290 343 325 0.496778
300 341 328 0.500921
290 339 331 0.493194
300 337 334 0.496935
310 335 337 0.501116
300 333 340 0.493368
310 330 343 0.497092
320 328 346 0.501311
310 326 348 0.493578
320 324 351 0.497443
330 322 354 0.501756
320 320 357 0.494026
330 318 360 0.497924
340 315 363 0.502233
330 313 366 0.494488
340 311 369 0.49842
350 309 372 0.502808
340 307 375 0.495056
350 305 378 0.499017
360 302 381 0.503402
350 300 383 0.495696
360 298 386 0.499752
370 296 389 0.504274
360 294 392 0.496574
370 292 395 0.500661
360 289 398 0.492653
370 287 401 0.49629
380 285 404 0.500387
370 283 407 0.492437
380 281 410 0.496076
390 279 413 0.500181
380 277 416 0.492256
390 274 418 0.495934
400 272 421 0.500115
390 270 424 0.492279
400 268 427 0.495993
410 266 430 0.500187
400 264 433 0.492378
410 261 436 0.49607
420 259 439 0.500279
410 257 442 0.492501
420 255 445 0.49623
430 253 448 0.500452
420 251 451 0.492709
430 248 453 0.496505
440 246 456 0.500816
430 244 459 0.493178
440 242 462 0.497
450 240 465 0.501331
440 238 468 0.493731
450 236 471 0.497567
460 233 474 0.501894
450 231 477 0.494336
460 229 480 0.498188
470 227 483 0.502563
460 225 486 0.495052
470 223 488 0.499023
480 220 491 0.503476
470 218 494 0.496089
480 216 497 0.500056
470 214 500 0.492284
480 212 503 0.495725
490 210 506 0.499694
500 207 509 0.504188
490 205 512 0.496935
500 203 515 0.500931
490 201 518 0.493266
500 199 521 0.496722
510 197 523 0.500842
500 195 526 0.49333
510 192 529 0.496846
520 190 532 0.500944
510 188 535 0.493506
520 186 538 0.497053
530 184 541 0.501168
520 182 544 0.493805
530 179 547 0.497338
540 177 550 0.501473
530 175 553 0.494188
540 173 556 0.497759
550 171 558 0.502052
540 169 561 0.494932
550 167 564 0.498611
560 164 567 0.502865
540 162 570 0.489944
550 160 573 0.49276
560 158 576 0.496154
560 156 579 0.494265
560 154 582 0.492113
560 151 585 0.489677
560 149 588 0.48701
560 147 585 0.484943
560 145 582 0.483159
560 143 579 0.481651
560 141 576 0.480414
560 138 573 0.479419
560 136 570 0.478706
560 134 567 0.478249
560 132 564 0.478044
560 130 561 0.478088
560 128 558 0.478379
560 126 556 0.478776
560 123 553 0.479452
560 121 550 0.480394
560 119 547 0.481581
560 117 544 0.483011
560 115 541 0.484687
560 113 538 0.486609
560 110 535 0.488753
560 108 532 0.491171
560 106 529 0.493842
560 104 526 0.496765
560 102 523 0.499945
560 100 521 0.503252
540 97 518 0.495168
550 95 515 0.503095
540 93 512 0.500437
530 91 509 0.497162
540 89 506 0.50502
530 87 503 0.502173
520 85 500 0.498718
530 82 497 0.50647
520 80 494 0.503441
510 78 491 0.499816
520 76 488 0.507521
510 74 486 0.504204
500 72 483 0.50034
490 69 480 0.495905
500 67 477 0.502866
490 65 474 0.498874
500 63 471 0.506309
490 61 468 0.502721
480 59 465 0.498586
490 56 462 0.505903
480 54 459 0.502167
470 52 456 0.497899
480 50 453 0.505156
470 48 451 0.501183
460 46 448 0.49672
470 44 445 0.503816
460 41 442 0.499709
470 39 439 0.50725
460 37 436 0.503551
450 35 433 0.499333
460 33 430 0.506795
450 31 427 0.502947
440 28 424 0.498568
450 26 421 0.505944
440 24 418 0.501958
430 22 416 0.497405
440 20 413 0.504631
430 18 410 0.500451
420 16 407 0.495804
430 13 404 0.502908
420 11 401 0.498614
430 9 398 0.506158
420 11 395 0.502326
410 13 392 0.498004
420 16 389 0.505646
410 18 386 0.501644
400 20 383 0.497167
410 22 381 0.504662
400 24 378 0.500441
390 26 375 0.495763
400 28 372 0.503207
390 31 369 0.498864
400 33 366 0.50673
390 35 363 0.502665
380 37 360 0.498138
390 39 357 0.505957
380 41 354 0.501729
370 44 351 0.497078
380 46 348 0.504847
370 48 346 0.500406
360 50 343 0.495538
370 52 340 0.50319
360 54 337 0.498609
370 56 334 0.506664
360 59 331 0.502384
350 61 328 0.497651
360 63 325 0.505659
350 65 322 0.5012
340 67 319 0.496329
350 69 316 0.50428
340 72 313 0.499695
350 74 311 0.508001
340 76 308 0.503605
330 78 305 0.498795
340 80 302 0.507046
330 82 299 0.502493
320 85 296 0.497561
330 87 293 0.505759
320 89 290 0.50106
310 91 287 0.495983
320 93 284 0.504118
310 95 281 0.499286
320 97 278 0.507804
310 100 275 0.50323
300 102 273 0.498226
310 104 270 0.506643
300 106 267 0.501857
290 108 264 0.49671
300 110 261 0.505064
290 113 258 0.500163
280 115 255 0.494908
290 117 252 0.503187
280 119 249 0.498156
290 121 246 0.506806
280 123 243 0.501994
270 126 240 0.496855
280 128 238 0.505423
270 130 235 0.500437
260 132 232 0.495134
270 134 229 0.503596
260 136 226 0.498502
270 138 223 0.507332
260 141 220 0.502459
250 143 217 0.49725
260 145 214 0.506014
250 147 211 0.501005
240 149 208 0.495699
250 151 205 0.504383
240 154 203 0.499278
250 156 200 0.508286
240 158 197 0.503323
230 160 194 0.49806
240 162 191 0.506998
230 164 188 0.501923
220 167 185 0.496587
230 169 182 0.505444
220 171 179 0.500274
210 173 176 0.49485
220 175 173 0.50361
210 177 170 0.498363
220 179 168 0.507486
210 182 165 0.502392
200 184 162 0.497023
210 186 159 0.506015
200 188 156 0.500819
190 190 153 0.49539
200 192 150 0.504282
190 195 147 0.499041
200 197 144 0.508292
190 199 141 0.503198
180 201 138 0.497865
190 203 135 0.507031
180 205 133 0.501872
170 207 130 0.496446
180 210 127 0.505492
170 212 124 0.500228
160 214 121 0.494772
170 216 118 0.503675
160 218 115 0.498373
170 220 112 0.507636
160 223 109 0.502515
150 225 106 0.497173
160 227 103 0.506331
150 229 100 0.501138
140 231 98 0.495791
150 233 95 0.504793
140 236 92 0.499567
150 238 89 0.50893
140 240 86 0.503822
130 242 83 0.498534
140 244 80 0.507796
130 246 77 0.502652
120 248 74 0.497347
130 251 71 0.506529
120 253 68 0.501369
110 255 65 0.496069
